0.00026,1
-0.00078,2
-0.00079,3
-0.00065,4
-0.00257,5
-0.00076,6
-0.00098,7
-0.00077,8
0.00024,9
1e-05,10
-0.00064,11
-0.00068,12
-0.00113,13
-0.00093,14
-0.00118,15
0.00024,16
-0.00248,17
0.00016,18
0.00024,19
0.00022,20
-0.00022,21
-0.00016,22
0.00012,23
0.00011,24
0.00013,25
-0.00113,26
-0.0008,27
-0.00062,28
-0.00059,29
-0.00048,30
-0.00111,31
-0.00096,32
-0.00107,33
-0.00236,34
-0.00228,35
0.00026,36
-0.00076,37
-0.0008,38
-0.00067,39
-0.00258,40
-0.00078,41
-0.001,42
-0.00078,43
0.00024,44
3e-05,45
-0.00062,46
-0.00067,47
-0.00114,48
-0.00072,49
-0.00179,50
0.00024,51
-0.00248,52
0.00017,53
0.00026,54
0.00023,55
-0.00013,56
-0.00017,57
0.00012,58
0.00015,59
0.00014,60
-0.00089,61
-0.00112,62
-0.00061,63
-0.0006,64
-0.00048,65
-0.00108,66
-0.00102,67
-0.00106,68
-0.00235,69
-0.00229,70
0.00024,71
-0.00077,72
-0.00079,73
-0.00066,74
-0.00257,75
-0.00077,76
-0.001,77
-0.0008,78
0.00025,79
1e-05,80
-0.00062,81
-0.00066,82
-0.00113,83
-0.00058,84
-0.00101,85
0.00024,86
-0.00253,87
0.00017,88
0.00025,89
0.00022,90
-0.00021,91
-0.00017,92
0.0001,93
0.00013,94
0.00012,95
-0.00112,96
-0.00111,97
-0.00057,98
-0.00059,99
-0.00051,100
-0.00112,101
-0.00103,102
-0.00106,103
-0.00237,104
-0.00228,105
0.00026,106
-0.00097,107
-0.00079,108
-0.00065,109
-0.00258,110
-0.0008,111
-0.00099,112
-0.00076,113
0.00024,114
3e-05,115
-0.00066,116
-0.00068,117
-0.0011,118
-0.0006,119
-0.00095,120
0.00023,121
-0.00242,122
0.00043,123
0.00024,124
0.00025,125
-0.0002,126
-0.00018,127
0.00013,128
8e-05,129
0.00013,130
-0.00113,131
-0.00112,132
-0.00058,133
-0.00061,134
-0.00051,135
-0.00111,136
-0.00102,137
-0.00106,138
-0.00237,139
-0.00229,140
0.00034,141
-0.0008,142
-0.00079,143
-0.00065,144
-0.00257,1
-0.00078,2
-0.00098,3
-0.00076,4
0.00025,5
3e-05,6
-0.00063,7
-0.00068,8
-0.00111,9
-0.00117,10
-0.001,11
0.00024,12
-0.00242,13
0.00037,14
0.00022,15
0.0003,16
-0.00018,17
-0.00017,18
0.00014,19
0.0001,20
0.00012,21
-0.00114,22
-0.0011,23
-0.00059,24
-0.00061,25
-0.00051,26
-0.00116,27
-0.00091,28
-0.00105,29
-0.00237,30
-0.00228,31
0.00028,32
-0.00077,33
-0.00077,34
-0.00067,35
-0.00258,36
-0.00079,37
-0.001,38
-0.00077,39
0.00027,40
4e-05,41
-0.00059,42
-0.00069,43
-0.00112,44
-0.00051,45
-0.00101,46
0.00024,47
-0.00243,48
0.00022,49
0.00023,50
0.0003,51
-0.00018,52
-0.00017,53
0.00014,54
8e-05,55
0.00014,56
-0.00114,57
-0.00112,58
-0.00061,59
-0.00061,60
-0.00055,61
-0.00114,62
-0.00101,63
-0.00105,64
-0.00237,65
-0.00228,66
0.00026,67
-0.00077,68
-0.00076,69
-0.00066,70
-0.00258,71
-0.00082,72
-0.00101,73
-0.00077,74
0.00028,75
4e-05,76
-0.00057,77
-0.00069,78
-0.00111,79
-0.00085,80
-0.00106,81
0.00022,82
-0.00242,83
0.00021,84
0.00024,85
0.00028,86
-0.00018,87
-0.00017,88
0.00013,89
9e-05,90
0.00014,91
-0.00112,92
-0.00114,93
-0.00061,94
-0.0006,95
-0.00056,96
-0.00115,97
-0.00101,98
-0.00106,99
-0.00238,100
-0.00228,101
0.00026,102
-0.00077,103
-0.00077,104
-0.00067,105
-0.00256,106
-0.00081,107
-0.001,108
-0.00077,109
0.00027,110
1e-05,111
-0.00063,112
-0.0007,113
-0.00109,114
-0.00091,115
-0.00103,116
0.0002,117
-0.00243,118
0.0002,119
0.00022,120
0.00019,121
-0.00016,122
-0.00019,123
0.00014,124
0.0001,125
0.00014,126
-0.00112,127
-0.00114,128
-0.00061,129
-0.00062,130
-0.00056,131
-0.00115,132
-0.00098,133
-0.00107,134
-0.00236,135
-0.0023,136
0.00025,137
-0.00076,138
-0.00077,139
-0.00068,140
-0.00257,141
-0.00081,142
-0.00099,143
-0.00077,144
0.00027,1
1e-05,2
-0.00065,3
-0.00083,4
-0.00107,5
-0.00079,6
-0.00091,7
0.0002,8
-0.00243,9
0.00017,10
0.00023,11
0.00023,12
-0.00017,13
-0.00016,14
0.00015,15
0.0001,16
0.00012,17
-0.00115,18
-0.00115,19
-0.0006,20
-0.00063,21
-0.00056,22
-0.00114,23
-0.00101,24
-0.00107,25
-0.00235,26
-0.00228,27
0.00024,28
-0.00082,29
-0.00075,30
-0.00068,31
-0.00264,32
-0.00078,33
-0.00097,34
-0.00077,35
0.00025,36
-0,37
-0.00063,38
-0.00071,39
-0.00103,40
-0.0008,41
-0.00135,42
0.00019,43
-0.00244,44
0.00027,45
0.00023,46
0.00024,47
-0.00017,48
-0.00018,49
0.00012,50
0.00011,51
0.00014,52
-0.00116,53
-0.00114,54
-0.0006,55
-0.00062,56
-0.00057,57
-0.00109,58
-0.00101,59
-0.00105,60
-0.00234,61
-0.00228,62
0.00026,63
-0.00076,64
-0.00073,65
-0.00067,66
-0.00258,67
-0.00081,68
-0.00095,69
-0.00078,70
0.00026,71
3e-05,72
-0.00063,73
-0.0007,74
-0.00113,75
-0.0008,76
-0.00103,77
0.00021,78
-0.00245,79
0.00023,80
0.00025,81
0.00021,82
-0.0002,83
-0.00017,84
0.00012,85
0.00014,86
0.00014,87
-0.00113,88
-0.00113,89
-0.00061,90
-0.00061,91
-0.00057,92
-0.00111,93
-0.00088,94
-0.00105,95
-0.00234,96
-0.00228,97
0.00026,98
-0.00072,99
-0.00076,100
-0.00069,101
-0.00257,102
-0.0008,103
-0.00097,104
-0.00074,105
0.00026,106
3e-05,107
-0.00062,108
-0.0007,109
-0.00108,110
-0.00085,111
-0.00117,112
0.00021,113
-0.00244,114
0.00013,115
0.00025,116
0.00021,117
-0.00015,118
-0.00017,119
0.00011,120
0.00016,121
0.00015,122
-0.00113,123
-0.00114,124
-0.0006,125
-0.00061,126
-0.00056,127
-0.00111,128
-0.00103,129
-0.00102,130
-0.00235,131
-0.00229,132
0.00026,133
-0.00063,134
-0.00077,135
-0.00068,136
-0.00257,137
-0.0008,138
-0.00099,139
-0.00073,140
0.00027,141
1e-05,142
-0.00062,143
-0.00071,144
-0.00114,1
-0.00079,2
-0.00102,3
0.0002,4
-0.00243,5
0.00013,6
0.00026,7
0.00022,8
-0.00015,9
-0.00018,10
9e-05,11
0.00013,12
0.00014,13
-0.00115,14
-0.00114,15
-0.00061,16
-0.00061,17
-0.00055,18
-0.00108,19
-0.00102,20
-0.00101,21
-0.00235,22
-0.00231,23
0.00025,24
-0.00077,25
-0.00076,26
-0.00067,27
-0.00256,28
-0.00081,29
-0.001,30
-0.00074,31
0.00027,32
-1e-05,33
-0.00062,34
-0.00071,35
-0.00112,36
-0.00081,37
-0.00103,38
0.00022,39
-0.0024,40
0.00012,41
0.00024,42
0.00021,43
-0.00013,44
-0.00018,45
0.0001,46
0.00012,47
0.00012,48
-0.00114,49
-0.00115,50
-0.00059,51
-0.00061,52
-0.00055,53
-0.0011,54
-0.00103,55
-0.00103,56
-0.00235,57
-0.00232,58
0.00023,59
-0.0008,60
-0.00071,61
-0.00066,62
-0.00257,63
-0.00079,64
-0.001,65
-0.00075,66
0.00025,67
2e-05,68
-0.00063,69
-0.00069,70
-0.00111,71
-0.00082,72
-0.00102,73
0.00024,74
-0.0024,75
0.00013,76
0.00025,77
0.00024,78
-0.00013,79
-0.00018,80
0.0001,81
0.00012,82
0.00015,83
-0.00102,84
-0.00114,85
-0.00062,86
-0.00061,87
-0.00054,88
-0.0011,89
-0.00103,90
-0.00103,91
-0.00233,92
-0.00234,93
0.00025,94
-0.00075,95
-0.00073,96
-0.00065,97
-0.00258,98
-0.00078,99
-0.00099,100
-0.00077,101
0.00025,102
3e-05,103
-0.00062,104
-0.00072,105
-0.00112,106
-0.00083,107
-0.00101,108
0.00025,109
-0.0023,110
0.00013,111
0.00025,112
0.00024,113
-0.00014,114
-0.00021,115
9e-05,116
0.0001,117
0.00017,118
-0.00117,119
-0.00114,120
-0.00063,121
-0.00062,122
-0.00055,123
-0.00111,124
-0.00103,125
-0.00108,126
-0.00234,127
-0.00233,128
0.00025,129
-0.00076,130
-0.00075,131
-0.00065,132
-0.00258,133
-0.00076,134
-0.00099,135
-0.00077,136
0.00025,137
-0,138
-0.00062,139
-0.00073,140
-0.0011,141
-0.00083,142
-0.00104,143
0.00023,144
-0.00238,1
0.00014,2
0.00024,3
0.00021,4
-0.00018,5
-0.00021,6
6e-05,7
0.00013,8
0.00017,9
-0.00116,10
-0.00113,11
-0.00064,12
-0.0006,13
-0.00057,14
-0.00111,15
-0.00102,16
-0.00106,17
-0.00235,18
-0.00232,19
0.00023,20
-0.00078,21
-0.00077,22
-0.00068,23
-0.00257,24
-0.00077,25
-0.00098,26
-0.0008,27
0.00025,28
-0,29
-0.00063,30
-0.00074,31
-0.00114,32
-0.00083,33
-0.00104,34
0.00029,35
-0.0024,36
0.00015,37
0.00025,38
0.00021,39
-0.00018,40
-0.00022,41
7e-05,42
0.00012,43
0.00016,44
-0.00116,45
-0.00114,46
-0.00063,47
-0.00058,48
-0.00056,49
-0.0011,50
-0.001,51
-0.00105,52
-0.00234,53
-0.00233,54
0.00025,55
-0.00079,56
-0.00076,57
-0.0007,58
-0.00257,59
-0.00077,60
-0.00097,61
-0.00078,62
0.00025,63
2e-05,64
-0.00065,65
-0.00074,66
-0.00114,67
-0.00083,68
-0.00106,69
0.00026,70
-0.00243,71
0.00016,72
0.00028,73
0.00023,74
-0.00014,75
-0.00022,76
7e-05,77
0.00012,78
0.00013,79
-0.00115,80
-0.00113,81
-0.00064,82
-0.00061,83
-0.00056,84
-0.00112,85
-0.00101,86
-0.00106,87
-0.00234,88
-0.00232,89
0.00024,90
-0.00077,91
-0.00074,92
-0.00069,93
-0.00256,94
-0.00079,95
-0.00099,96
-0.00077,97
0.00027,98
2e-05,99
-0.00069,100
-0.00073,101
-0.00116,102
-0.00082,103
-0.00107,104
0.00027,105
-0.00249,106
0.0002,107
0.00027,108
0.00019,109
-0.00015,110
-0.00022,111
8e-05,112
0.00014,113
0.00014,114
-0.00114,115
-0.00113,116
-0.00062,117
-0.00063,118
-0.00056,119
-0.00113,120
-0.00099,121
-0.00105,122
-0.00235,123
-0.00231,124
0.00021,125
-0.00075,126
-0.00073,127
-0.00068,128
-0.00257,129
-0.00079,130
-0.00099,131
-0.00079,132
0.00029,133
0,134
-0.00067,135
-0.00071,136
-0.00112,137
-0.00083,138
-0.00105,139
0.00027,140
-0.00251,141
0.00015,142
0.00025,143
0.00018,144
-0.00018,1
-0.0002,2
7e-05,3
0.00014,4
0.00016,5
-0.00114,6
-0.00113,7
-0.00063,8
-0.00062,9
-0.00057,10
-0.00108,11
-0.00097,12
-0.00107,13
-0.00234,14
-0.00233,15
0.0002,16
-0.00075,17
-0.00074,18
-0.00068,19
-0.00257,20
-0.00081,21
-0.00099,22
-0.00079,23
0.00028,24
1e-05,25
-0.00066,26
-0.00075,27
-0.00111,28
-0.00082,29
-0.00106,30
0.00026,31
-0.0025,32
0.00015,33
0.00024,34
0.00018,35
-0.0002,36
-0.00019,37
5e-05,38
0.00011,39
0.00015,40
-0.00112,41
-0.00113,42
-0.00065,43
-0.00063,44
-0.00059,45
-0.00107,46
-0.00099,47
-0.00106,48
-0.00241,49
-0.00233,50
0.00021,51
-0.00075,52
-0.00077,53
-0.00069,54
-0.00258,55
-0.0008,56
-0.00098,57
-0.00079,58
0.00028,59
0,60
-0.00065,61
-0.00075,62
-0.00114,63
-0.00078,64
-0.00104,65
0.00026,66
-0.00255,67
0.00014,68
0.00024,69
0.0002,70
-0.00017,71
-0.00021,72
5e-05,73
0.00012,74
0.00017,75
-0.0011,76
-0.0011,77
-0.00063,78
-0.00063,79
-0.00056,80
-0.00108,81
-0.00099,82
-0.00106,83
-0.00241,84
-0.00232,85
0.00021,86
-0.00074,87
-0.00077,88
-0.00068,89
-0.00257,90
-0.0008,91
-0.00099,92
-0.0008,93
0.00028,94
-2e-05,95
-0.00062,96
-0.00074,97
-0.00116,98
-0.00078,99
-0.00105,100
0.00026,101
-0.0026,102
0.00016,103
0.00022,104
0.00018,105
-0.00014,106
-0.00021,107
3e-05,108
0.0001,109
0.00017,110
-0.0011,111
-0.00114,112
-0.00067,113
-0.00062,114
-0.00057,115
-0.0011,116
-0.00102,117
-0.00105,118
-0.00242,119
-0.00233,120
0.00021,121
-0.00072,122
-0.00076,123
-0.00066,124
-0.00258,125
-0.00081,126
-0.00101,127
-0.00081,128
0.00027,129
-2e-05,130
-0.00063,131
-0.00075,132
-0.00117,133
-0.00079,134
-0.00107,135
0.00026,136
-0.00345,137
0.00016,138
0.00022,139
0.00021,140
-0.00014,141
-0.0002,142
7e-05,143
9e-05,144
0.00017,1
-0.00109,2
-0.00113,3
-0.00066,4
-0.00062,5
-0.0006,6
-0.0011,7
-0.00102,8
-0.00105,9
-0.0024,10
-0.00235,11
0.00019,12
-0.00072,13
-0.00076,14
-0.00068,15
-0.00256,16
-0.0008,17
-0.00102,18
-0.00081,19
0.00028,20
-1e-05,21
-0.00065,22
-0.00073,23
-0.00118,24
-0.00079,25
-0.00107,26
0.00028,27
-0.00317,28
0.00015,29
0.00021,30
0.0002,31
-0.00014,32
-0.00021,33
5e-05,34
0.00011,35
0.00015,36
-0.0011,37
-0.00115,38
-0.00067,39
-0.00062,40
-0.0006,41
-0.00108,42
-0.00102,43
-0.00107,44
-0.0024,45
-0.00233,46
0.00018,47
-0.00072,48
-0.00074,49
-0.00069,50
-0.00257,51
-0.0008,52
-0.00099,53
-0.00083,54
0.00026,55
0,56
-0.00064,57
-0.00073,58
-0.00118,59
-0.00079,60
-0.00108,61
0.00027,62
-0.00259,63
0.00017,64
0.00022,65
0.0002,66
-0.00015,67
-0.00018,68
8e-05,69
0.00011,70
0.00015,71
-0.00111,72
-0.00113,73
-0.00067,74
-0.00062,75
-0.00057,76
-0.00107,77
-0.00101,78
-0.00107,79
-0.00242,80
-0.00232,81
0.0002,82
-0.00073,83
-0.00075,84
-0.0007,85
-0.00259,86
-0.0008,87
-0.00098,88
-0.00081,89
0.00024,90
-0,91
-0.00063,92
-0.00071,93
-0.00119,94
-0.0008,95
-0.00108,96
0.00027,97
-0.00259,98
0.00016,99
0.00019,100
0.00021,101
-0.00017,102
-0.00018,103
7e-05,104
0.00012,105
0.00017,106
-0.00111,107
-0.00113,108
-0.00067,109
-0.00059,110
-0.00064,111
-0.00108,112
-0.00102,113
-0.00104,114
-0.00241,115
-0.00234,116
0.00019,117
-0.00072,118
-0.00076,119
-0.00067,120
-0.00258,121
-0.0008,122
-0.00098,123
-0.0008,124
0.00024,125
-1e-05,126
-0.00064,127
-0.00072,128
-0.00116,129
-0.00081,130
-0.00105,131
0.00029,132
-0.00262,133
0.00016,134
0.00021,135
0.00022,136
-0.00017,137
-0.00016,138
5e-05,139
0.00011,140
0.00017,141
-0.00112,142
-0.00112,143
-0.00062,144
-0.00062,1
-0.00055,2
-0.00109,3
-0.00102,4
-0.00106,5
-0.00242,6
-0.00235,7
0.00021,8
-0.00073,9
-0.00078,10
-0.0007,11
-0.00257,12
-0.00081,13
-0.00098,14
-0.00079,15
0.00024,16
-1e-05,17
-0.00064,18
-0.0007,19
-0.00115,20
-0.0008,21
-0.00107,22
0.00029,23
-0.00237,24
0.00016,25
0.00019,26
0.00023,27
-0.0002,28
-0.00016,29
6e-05,30
0.00013,31
0.00017,32
-0.00109,33
-0.00114,34
-0.00062,35
-0.00065,36
-0.00056,37
-0.00111,38
-0.001,39
-0.00108,40
-0.00242,41
-0.00231,42
0.00021,43
-0.00071,44
-0.00077,45
-0.00068,46
-0.00253,47
-0.00079,48
-0.00095,49
-0.0008,50
0.00024,51
-0,52
-0.00065,53
-0.00071,54
-0.00115,55
-0.0008,56
-0.00106,57
0.00029,58
-0.00254,59
0.00017,60
0.0002,61
0.00021,62
-0.00018,63
-0.00016,64
8e-05,65
0.00012,66
0.00019,67
-0.0011,68
-0.00113,69
-0.00064,70
-0.00064,71
-0.00058,72
-0.00108,73
-0.00103,74
-0.00104,75
-0.0024,76
-0.00232,77
0.00019,78
-0.00072,79
-0.00076,80
-0.00066,81
-0.00254,82
-0.0008,83
-0.00096,84
-0.0008,85
0.00027,86
-2e-05,87
-0.00064,88
-0.00073,89
-0.00116,90
-0.00081,91
-0.00103,92
0.00027,93
-0.00251,94
0.00016,95
0.00019,96
0.00019,97
-0.00018,98
-0.00018,99
5e-05,100
0.00011,101
0.00022,102
-0.00109,103
-0.00113,104
-0.00066,105
-0.00062,106
-0.00057,107
-0.00108,108
-0.00101,109
-0.00106,110
-0.00241,111
-0.00231,112
0.00021,113
-0.00071,114
-0.00074,115
-0.00066,116
-0.00252,117
-0.0008,118
-0.00097,119
-0.00081,120
0.00022,121
-3e-05,122
-0.00062,123
-0.00071,124
-0.00117,125
-0.00083,126
-0.00105,127
0.00028,128
-0.0025,129
0.00015,130
0.00019,131
0.0002,132
-0.00017,133
-0.00019,134
9e-05,135
0.0001,136
0.0002,137
-0.00109,138
-0.00114,139
-0.00065,140
-0.00063,141
-0.00056,142
-0.0011,143
-0.00101,144
-0.0011,1
-0.00241,2
-0.00236,3
0.00023,4
-0.00074,5
-0.00076,6
-0.00067,7
-0.00251,8
-0.0008,9
-0.00099,10
-0.00081,11
0.00021,12
-4e-05,13
-0.00063,14
-0.00072,15
-0.00114,16
-0.00083,17
-0.00106,18
0.00028,19
-0.00254,20
0.00016,21
0.00018,22
0.00019,23
-0.00016,24
-0.00019,25
0.0001,26
7e-05,27
0.00022,28
-0.0011,29
-0.00116,30
-0.00064,31
-0.00065,32
-0.00057,33
-0.0011,34
-0.001,35
-0.00107,36
-0.00241,37
-0.00237,38
0.00021,39
-0.00075,40
-0.00074,41
-0.00067,42
-0.00251,43
-0.0008,44
-0.00099,45
-0.00079,46
0.00024,47
-3e-05,48
-0.00063,49
-0.0007,50
-0.00116,51
-0.0008,52
-0.00104,53
0.00028,54
-0.00243,55
0.00016,56
0.00021,57
0.0002,58
-0.00015,59
-0.00022,60
8e-05,61
0.00013,62
0.00022,63
-0.0011,64
-0.00116,65
-0.00064,66
-0.00063,67
-0.00056,68
-0.00107,69
-0.001,70
-0.00107,71
-0.00241,72
-0.00237,73
0.00021,74
-0.00073,75
-0.00077,76
-0.00066,77
-0.00252,78
-0.00081,79
-0.00097,80
-0.00079,81
0.00025,82
-3e-05,83
-0.00063,84
-0.0007,85
-0.00117,86
-0.00079,87
-0.00104,88
0.00026,89
-0.00254,90
0.00016,91
0.0002,92
0.00019,93
-0.00014,94
-0.00019,95
6e-05,96
0.00011,97
0.00024,98
-0.00111,99
-0.00114,100
-0.00065,101
-0.00063,102
-0.00059,103
-0.00109,104
-0.00099,105
-0.00107,106
-0.00243,107
-0.00239,108
0.0002,109
-0.00072,110
-0.00073,111
-0.00066,112
-0.00249,113
-0.00079,114
-0.00098,115
-0.0008,116
0.00027,117
-5e-05,118
-0.00066,119
-0.00072,120
-0.00118,121
-0.00078,122
-0.00106,123
0.00027,124
-0.00255,125
0.00015,126
0.00018,127
0.0002,128
-0.00014,129
-0.0002,130
4e-05,131
9e-05,132
0.00023,133
-0.00114,134
-0.00115,135
-0.00065,136
-0.00064,137
-0.00062,138
-0.00108,139
-0.00099,140
-0.00105,141
-0.0024,142
-0.00238,143
0.0002,144
-0.00075,1
-0.00073,2
-0.00067,3
-0.0025,4
-0.00079,5
-0.00099,6
-0.0008,7
0.00025,8
-7e-05,9
-0.00064,10
-0.00071,11
-0.00114,12
-0.00082,13
-0.00106,14
0.00027,15
-0.00256,16
0.00013,17
0.00019,18
0.00019,19
-0.00014,20
-0.0002,21
4e-05,22
0.0001,23
0.00023,24
-0.00113,25
-0.00116,26
-0.00063,27
-0.00063,28
-0.00058,29
-0.00107,30
-0.00101,31
-0.00108,32
-0.0024,33
-0.00237,34
0.00021,35
-0.00075,36
-0.00072,37
-0.00065,38
-0.00251,39
-0.0008,40
-0.00095,41
-0.00079,42
0.00026,43
-7e-05,44
-0.00064,45
-0.00071,46
-0.00116,47
-0.00082,48
-0.00105,49
0.00027,50
-0.00258,51
0.00013,52
0.00018,53
0.00019,54
-0.00015,55
-0.00022,56
5e-05,57
0.00012,58
0.00023,59
-0.00112,60
-0.00115,61
-0.00064,62
-0.00066,63
-0.0006,64
-0.00109,65
-0.001,66
-0.00109,67
-0.0024,68
-0.00236,69
0.0002,70
-0.00072,71
-0.00073,72
-0.00065,73
-0.0025,74
-0.0008,75
-0.00096,76
-0.00078,77
0.00026,78
-5e-05,79
-0.00064,80
-0.00074,81
-0.00114,82
-0.0008,83
-0.00103,84
0.00026,85
-0.00257,86
0.00016,87
0.0002,88
0.00017,89
-0.00018,90
-0.00019,91
5e-05,92
0.00014,93
0.00022,94
-0.00111,95
-0.00113,96
-0.00064,97
-0.00064,98
-0.00057,99
-0.0011,100
-0.00098,101
-0.00107,102
-0.0024,103
-0.00236,104
0.00018,105
-0.00069,106
-0.00076,107
-0.00064,108
-0.00251,109
-0.00079,110
-0.00099,111
-0.00077,112
0.00026,113
-5e-05,114
-0.00064,115
-0.00072,116
-0.00113,117
-0.0008,118
-0.00104,119
0.00026,120
-0.00258,121
0.00015,122
0.0002,123
0.00018,124
-0.00018,125
-0.00018,126
5e-05,127
0.00017,128
0.00022,129
-0.0011,130
-0.00115,131
-0.00064,132
-0.00065,133
-0.00054,134
-0.0011,135
-0.00099,136
-0.00109,137
-0.00242,138
-0.00236,139
0.00018,140
-0.00069,141
-0.00075,142
-0.00062,143
-0.00252,144
-0.00081,1
-0.00099,2
-0.00077,3
0.00027,4
-7e-05,5
-0.00063,6
-0.00075,7
-0.00115,8
-0.0008,9
-0.00105,10
0.00027,11
-0.00257,12
0.00014,13
0.00021,14
0.00019,15
-0.00019,16
-0.00019,17
6e-05,18
0.00017,19
0.00022,20
-0.0011,21
-0.00115,22
-0.00067,23
-0.00065,24
-0.00052,25
-0.00113,26
-0.00103,27
-0.00106,28
-0.0024,29
-0.00238,30
0.00019,31
-0.00071,32
-0.00076,33
-0.00063,34
-0.00252,35
-0.0008,36
-0.00099,37
-0.00078,38
0.00026,39
-6e-05,40
-0.00063,41
-0.00072,42
-0.00115,43
-0.00083,44
-0.00103,45
0.00025,46
-0.00258,47
0.00015,48
0.00021,49
0.00019,50
-0.00018,51
-0.00019,52
8e-05,53
0.00015,54
0.00019,55
-0.00114,56
-0.00113,57
-0.00069,58
-0.00063,59
-0.00052,60
-0.00113,61
-0.00103,62
-0.00107,63
-0.0024,64
-0.00238,65
0.00022,66
-0.00071,67
-0.00077,68
-0.00065,69
-0.00254,70
-0.00081,71
-0.00098,72
-0.00077,73
0.00025,74
-6e-05,75
-0.00066,76
-0.00074,77
-0.00113,78
-0.00083,79
-0.00104,80
0.00025,81
-0.00246,82
0.00016,83
0.0002,84
0.00018,85
-0.00016,86
-0.00019,87
8e-05,88
0.00013,89
0.00021,90
-0.00113,91
-0.00113,92
-0.00067,93
-0.00063,94
-0.0005,95
-0.00114,96
-0.00101,97
-0.00107,98
-0.00243,99
-0.00238,100
0.0002,101
-0.00072,102
-0.00079,103
-0.00066,104
-0.00254,105
-0.00079,106
-0.00099,107
-0.00078,108
0.00028,109
-4e-05,110
-0.00065,111
-0.00073,112
-0.00113,113
-0.00082,114
-0.00104,115
0.00026,116
-0.00246,117
0.00018,118
0.0002,119
0.00018,120
-0.00019,121
-0.0002,122
8e-05,123
0.00012,124
0.00022,125
-0.00112,126
-0.00114,127
-0.00067,128
-0.00062,129
-0.00048,130
-0.00114,131
-0.00102,132
-0.00105,133
-0.00243,134
-0.00237,135
0.0002,136
-0.00073,137
-0.00078,138
-0.00065,139
-0.0025,140
-0.00081,141
-0.00098,142
-0.00078,143
0.00028,144
-3e-05,1
-0.00066,2
-0.00072,3
-0.00115,4
-0.00081,5
-0.00105,6
0.00026,7
-0.00249,8
0.00019,9
0.00019,10
0.00017,11
-0.00017,12
-0.00019,13
6e-05,14
0.00013,15
0.00021,16
-0.00114,17
-0.00117,18
-0.00066,19
-0.00063,20
-0.00049,21
-0.00115,22
-0.001,23
-0.00109,24
-0.00244,25
-0.00237,26
0.00019,27
-0.00074,28
-0.00077,29
-0.00064,30
-0.00251,31
-0.00081,32
-0.00096,33
-0.0008,34
0.00027,35
-3e-05,36
-0.00067,37
-0.00072,38
-0.00112,39
-0.00081,40
-0.00108,41
0.00027,42
-0.00247,43
0.00017,44
0.00021,45
0.00019,46
-0.00019,47
-0.00021,48
6e-05,49
0.00012,50
0.00021,51
-0.00113,52
-0.00118,53
-0.00066,54
-0.00063,55
-0.00052,56
-0.00115,57
-0.001,58
-0.00107,59
-0.00243,60
-0.00237,61
0.00018,62
-0.00072,63
-0.00076,64
-0.00068,65
-0.00253,66
-0.00081,67
-0.00098,68
-0.00081,69
0.00028,70
-4e-05,71
-0.00065,72
-0.00074,73
-0.00113,74
-0.00081,75
-0.00108,76
0.00022,77
-0.00246,78
0.00014,79
0.00019,80
0.00018,81
-0.00019,82
-0.00023,83
5e-05,84
0.00011,85
0.0002,86
-0.00115,87
-0.00112,88
-0.00068,89
-0.00062,90
-0.00051,91
-0.00115,92
-0.00102,93
-0.0011,94
-0.00244,95
-0.00238,96
0.00019,97
-0.0007,98
-0.00076,99
-0.00066,100
-0.00251,101
-0.0008,102
-0.00098,103
-0.00082,104
0.00029,105
-2e-05,106
-0.00065,107
-0.00073,108
-0.00115,109
-0.00081,110
-0.00108,111
0.00025,112
-0.00245,113
0.00016,114
0.00018,115
0.00019,116
-0.00017,117
-0.00024,118
4e-05,119
0.00012,120
0.00019,121
-0.00116,122
-0.00112,123
-0.00068,124
-0.00064,125
-0.00053,126
-0.00114,127
-0.001,128
-0.00109,129
-0.00244,130
-0.00237,131
0.00017,132
-0.00074,133
-0.00076,134
-0.00066,135
-0.0025,136
-0.00082,137
-0.00099,138
-0.00079,139
0.00026,140
-3e-05,141
-0.00063,142
-0.00071,143
-0.00114,144
-0.00084,1
-0.00108,2
0.00026,3
-0.00245,4
0.00014,5
0.00019,6
0.00017,7
-0.00017,8
-0.00021,9
5e-05,10
0.0001,11
0.00019,12
-0.00115,13
-0.00113,14
-0.00068,15
-0.00064,16
-0.00051,17
-0.00114,18
-0.00101,19
-0.00109,20
-0.00245,21
-0.00237,22
0.00016,23
-0.00073,24
-0.00076,25
-0.00064,26
-0.00252,27
-0.00083,28
-0.00098,29
-0.00081,30
0.00027,31
-0,32
-0.00062,33
-0.00073,34
-0.00114,35
-0.00086,36
-0.00108,37
0.00024,38
-0.00247,39
0.00013,40
0.0002,41
0.00019,42
-0.00017,43
-0.00021,44
5e-05,45
0.00012,46
0.00018,47
-0.00114,48
-0.00113,49
-0.00068,50
-0.00064,51
-0.00051,52
-0.00108,53
-0.00101,54
-0.00107,55
-0.00244,56
-0.00237,57
0.00017,58
-0.00072,59
-0.00074,60
-0.00063,61
-0.00252,62
-0.00081,63
-0.00098,64
-0.00081,65
0.00028,66
-1e-05,67
-0.00061,68
-0.00072,69
-0.00116,70
-0.00082,71
-0.00107,72
0.00025,73
-0.00247,74
0.00015,75
0.00021,76
0.00018,77
-0.00015,78
-0.00021,79
2e-05,80
0.00014,81
0.00018,82
-0.00112,83
-0.00114,84
-0.00072,85
-0.00062,86
-0.0005,87
-0.0011,88
-0.001,89
-0.00106,90
-0.00243,91
-0.00238,92
0.00019,93
-0.00073,94
-0.00075,95
-0.00064,96
-0.00255,97
-0.00082,98
-0.00098,99
-0.00082,100
0.00028,101
-3e-05,102
-0.00062,103
-0.00073,104
-0.00114,105
-0.00084,106
-0.0011,107
0.00024,108
-0.00149,109
0.00013,110
0.00023,111
0.00017,112
-0.00015,113
-0.00021,114
4e-05,115
0.00013,116
0.0002,117
-0.00113,118
-0.00113,119
-0.0007,120
-0.00063,121
-0.00051,122
-0.00109,123
-0.00098,124
-0.00107,125
-0.00244,126
-0.00238,127
0.0002,128
-0.00075,129
-0.00078,130
-0.00065,131
-0.00252,132
-0.00081,133
-0.00098,134
-0.00081,135
0.00029,136
-1e-05,137
-0.00065,138
-0.00071,139
-0.00113,140
-0.00082,141
-0.0011,142
0.00025,143
-0.00218,144
0.00014,1
0.00021,2
0.00018,3
-0.00017,4
-0.00022,5
6e-05,6
0.00011,7
0.0002,8
-0.00112,9
-0.00113,10
-0.00069,11
-0.00063,12
-0.00051,13
-0.00108,14
-0.001,15
-0.00106,16
-0.00245,17
-0.00239,18
0.00019,19
-0.00075,20
-0.00082,21
-0.00067,22
-0.00249,23
-0.00082,24
-0.001,25
-0.00084,26
0.00029,27
3e-05,28
-0.00066,29
-0.00069,30
-0.00109,31
-0.00083,32
-0.0011,33
0.00023,34
-0.00246,35
0.00014,36
0.00021,37
0.00017,38
-0.00017,39
-0.0002,40
3e-05,41
0.00011,42
0.0002,43
-0.00115,44
-0.00113,45
-0.00067,46
-0.00063,47
-0.00051,48
-0.00109,49
-0.001,50
-0.00105,51
-0.00246,52
-0.00238,53
0.0002,54
-0.00076,55
-0.00078,56
-0.00068,57
-0.0025,58
-0.00083,59
-0.00099,60
-0.00081,61
0.00028,62
4e-05,63
-0.00065,64
-0.00068,65
-0.00112,66
-0.00085,67
-0.00109,68
0.00022,69
-0.00248,70
0.00017,71
0.00023,72
0.00021,73
-0.00014,74
-0.0002,75
4e-05,76
0.0001,77
0.0002,78
-0.00113,79
-0.00113,80
-0.00068,81
-0.00065,82
-0.0005,83
-0.00111,84
-0.00103,85
-0.00104,86
-0.00245,87
-0.00238,88
0.00023,89
-0.00076,90
-0.00077,91
-0.00071,92
-0.00249,93
-0.00081,94
-0.00099,95
-0.00079,96
0.00028,97
4e-05,98
-0.00065,99
-0.0007,100
-0.0011,101
-0.00082,102
-0.00109,103
0.00022,104
-0.00258,105
0.00018,106
0.00019,107
0.00019,108
-0.00015,109
-0.00018,110
4e-05,111
0.00011,112
0.00018,113
-0.00114,114
-0.00113,115
-0.00069,116
-0.00063,117
-0.00047,118
-0.00108,119
-0.00101,120
-0.00105,121
-0.00246,122
-0.00235,123
0.0002,124
-0.00074,125
-0.00077,126
-0.0007,127
-0.0025,128
-0.0008,129
-0.00101,130
-0.00079,131
0.00029,132
4e-05,133
-0.00064,134
-0.0007,135
-0.0011,136
-0.00082,137
-0.0011,138
0.0002,139
-0.00261,140
NaN,141
0.00021,142
0.0002,143
-0.00015,144
-0.00017,1
3e-05,2
9e-05,3
0.00021,4
-0.00112,5
-0.00114,6
-0.0007,7
-0.00061,8
-0.00048,9
-0.00107,10
-0.00101,11
-0.00105,12
-0.00243,13
-0.00236,14
0.00021,15
-0.0007,16
-0.00079,17
-0.00069,18
-0.0025,19
-0.00082,20
-0.00101,21
-0.00078,22
0.00027,23
2e-05,24
-0.00062,25
NaN,26
-0.00109,27
-0.00085,28
-0.00109,29
0.00021,30
-0.00262,31
NaN,32
0.00021,33
0.00019,34
-0.00016,35
-0.00015,36
2e-05,37
0.00011,38
0.00022,39
-0.00113,40
-0.00111,41
-0.0007,42
-0.00061,43
-0.00047,44
-0.00108,45
-0.00103,46
-0.00106,47
-0.00244,48
-0.00236,49
0.0002,50
-0.00072,51
-0.00079,52
-0.00071,53
-0.0025,54
-0.00083,55
-0.00102,56
-0.00078,57
0.00027,58
2e-05,59
-0.00072,60
NaN,61
-0.00113,62
-0.00086,63
-0.0011,64
0.00021,65
-0.00263,66
NaN,67
0.00016,68
0.0002,69
-0.00015,70
-0.00019,71
4e-05,72
0.00013,73
0.00021,74
-0.00113,75
-0.00116,76
-0.0007,77
-0.00062,78
-0.0005,79
-0.0011,80
-0.00105,81
-0.00104,82
-0.00247,83
-0.00235,84
0.0002,85
-0.00071,86
-0.00078,87
-0.0007,88
-0.00251,89
-0.00084,90
-0.00101,91
-0.00076,92
0.00027,93
2e-05,94
NaN,95
NaN,96
-0.00111,97
-0.00085,98
-0.00111,99
0.00021,100
-0.0026,101
NaN,102
0.00019,103
0.00018,104
-0.00015,105
-0.0002,106
5e-05,107
0.00011,108
0.00021,109
-0.00113,110
-0.00115,111
-0.00067,112
-0.00064,113
-0.00052,114
-0.00109,115
-0.00106,116
-0.00103,117
-0.00249,118
-0.00237,119
0.00023,120
-0.00074,121
-0.00079,122
-0.0007,123
-0.00252,124
-0.00081,125
-0.001,126
-0.00078,127
0.00026,128
2e-05,129
NaN,130
NaN,131
-0.00108,132
-0.00088,133
-0.00111,134
0.00021,135
-0.00255,136
NaN,137
0.00019,138
0.0002,139
-0.00015,140
-0.00019,141
6e-05,142
0.00012,143
0.0002,144
-0.00113,1
-0.00113,2
-0.00068,3
-0.00068,4
-0.0005,5
-0.00108,6
-0.00106,7
-0.00103,8
-0.00249,9
-0.00238,10
0.00023,11
-0.00075,12
-0.00079,13
-0.0007,14
-0.00249,15
-0.00081,16
-0.00098,17
-0.00079,18
0.00024,19
3e-05,20
NaN,21
NaN,22
-0.00109,23
-0.00086,24
-0.00109,25
0.0002,26
-0.00254,27
NaN,28
0.00023,29
0.00017,30
-0.00015,31
-0.0002,32
5e-05,33
0.00014,34
0.0002,35
-0.00113,36
-0.00114,37
-0.00067,38
-0.00066,39
-0.00051,40
-0.00111,41
-0.00107,42
-0.00105,43
-0.00249,44
-0.00238,45
0.00021,46
-0.00073,47
-0.00077,48
-0.0007,49
-0.00248,50
-0.00082,51
-0.001,52
-0.00081,53
0.00025,54
-1e-05,55
NaN,56
NaN,57
-0.00111,58
-0.00086,59
-0.00111,60
0.00018,61
-0.00251,62
NaN,63
0.00024,64
0.00018,65
-0.00012,66
-0.00018,67
4e-05,68
0.00015,69
0.00021,70
-0.00114,71
-0.00115,72
-0.00065,73
-0.00064,74
-0.00052,75
-0.00108,76
-0.00108,77
-0.00105,78
-0.00249,79
-0.00238,80
0.0002,81
-0.00076,82
-0.00076,83
-0.00069,84
-0.00252,85
-0.0008,86
-0.001,87
-0.00078,88
0.00024,89
-1e-05,90
NaN,91
NaN,92
-0.00109,93
-0.00084,94
-0.00108,95
0.00021,96
-0.00249,97
NaN,98
0.0002,99
0.00018,100
-0.00013,101
-0.00019,102
5e-05,103
0.00014,104
0.00022,105
-0.00115,106
-0.00116,107
-0.00066,108
-0.00065,109
-0.0005,110
-0.00109,111
-0.00108,112
-0.00103,113
-0.0025,114
-0.00239,115
0.00018,116
-0.00076,117
-0.00073,118
-0.00068,119
-0.00252,120
-0.00079,121
-0.00101,122
-0.00077,123
0.00026,124
2e-05,125
NaN,126
NaN,127
-0.00109,128
-0.00086,129
-0.0011,130
0.00041,131
-0.00248,132
NaN,133
0.0002,134
0.00018,135
-0.00012,136
-0.00022,137
8e-05,138
0.00013,139
0.00021,140
-0.00114,141
-0.00111,142
-0.00067,143
-0.00064,144
-0.0005,1
-0.00113,2
-0.00107,3
-0.00104,4
-0.00258,5
-0.00238,6
0.00018,7
-0.00075,8
-0.00078,9
-0.00069,10
-0.0025,11
-0.00078,12
-0.001,13
-0.00077,14
0.00026,15
3e-05,16
NaN,17
NaN,18
-0.0011,19
-0.00086,20
NaN,21
0.00031,22
-0.00257,23
NaN,24
0.00021,25
0.00016,26
-0.00013,27
-0.00019,28
6e-05,29
0.00014,30
0.00023,31
-0.00112,32
-0.00113,33
-0.00066,34
-0.00064,35
-0.00051,36
-0.00112,37
-0.00105,38
-0.00105,39
-0.00249,40
-0.00237,41
0.0002,42
-0.00077,43
-0.00079,44
-0.0007,45
-0.0025,46
-0.0008,47
-0.00102,48
-0.00077,49
0.00024,50
1e-05,51
NaN,52
NaN,53
-0.00111,54
-0.00086,55
NaN,56
0.00031,57
-0.00257,58
NaN,59
0.00019,60
0.00015,61
-0.00014,62
-0.00022,63
7e-05,64
0.00013,65
0.00021,66
-0.0011,67
-0.00114,68
-0.00065,69
-0.00062,70
-0.00051,71
-0.00112,72
-0.00106,73
-0.00103,74
-0.00249,75
-0.00237,76
0.00017,77
-0.00077,78
-0.00077,79
-0.00074,80
-0.00251,81
-0.00081,82
-0.001,83
-0.00078,84
0.00024,85
0.00019,86
NaN,87
NaN,88
-0.00112,89
-0.00086,90
NaN,91
0.00031,92
-0.00256,93
NaN,94
0.00019,95
0.00015,96
3e-05,97
-0.0002,98
5e-05,99
0.0001,100
0.00022,101
-0.00105,102
-0.00115,103
-0.00066,104
-0.00065,105
-0.00051,106
-0.00128,107
-0.00105,108
-0.00107,109
-0.00246,110
-0.00237,111
0.0002,112
-0.00076,113
-0.00077,114
-0.00077,115
-0.00251,116
-0.00081,117
-0.001,118
-0.00079,119
0.00025,120
NaN,121
NaN,122
NaN,123
-0.00116,124
-0.00087,125
NaN,126
0.0003,127
-0.00255,128
NaN,129
0.00017,130
0.00015,131
NaN,132
-0.00018,133
4e-05,134
0.0001,135
0.00022,136
NaN,137
-0.00115,138
-0.00065,139
-0.00064,140
-0.00051,141
NaN,142
-0.00106,143
-0.00106,144
-0.00245,1
-0.00238,2
0.00017,3
-0.00078,4
-0.00078,5
-0.00077,6
-0.00251,7
-0.00084,8
-0.00101,9
-0.00079,10
0.00025,11
NaN,12
NaN,13
NaN,14
-0.00115,15
-0.0009,16
NaN,17
0.00025,18
-0.00252,19
NaN,20
0.00019,21
0.00016,22
NaN,23
-0.0002,24
5e-05,25
0.00011,26
0.00022,27
NaN,28
-0.00117,29
-0.00065,30
-0.00064,31
-0.00049,32
NaN,33
-0.00104,34
-0.00106,35
-0.00245,36
-0.00241,37
0.00017,38
-0.00078,39
-0.00078,40
-0.00077,41
-0.00252,42
-0.00084,43
-0.00102,44
-0.00077,45
0.00025,46
NaN,47
NaN,48
NaN,49
-0.00116,50
-0.00107,51
-0.00112,52
0.00027,53
-0.00252,54
NaN,55
0.0002,56
0.00015,57
NaN,58
-0.0002,59
4e-05,60
0.00012,61
0.00022,62
NaN,63
-0.00116,64
-0.00066,65
-0.00062,66
-0.0005,67
NaN,68
-0.00105,69
-0.00105,70
-0.00245,71
-0.00241,72
0.00017,73
-0.00078,74
-0.00078,75
-0.00073,76
-0.00251,77
-0.00084,78
-0.00101,79
-0.00076,80
0.00024,81
NaN,82
NaN,83
NaN,84
-0.00115,85
-0.00115,86
-0.00104,87
0.00031,88
-0.00251,89
NaN,90
0.0002,91
0.00015,92
NaN,93
-0.00022,94
6e-05,95
0.00013,96
0.00023,97
NaN,98
-0.00115,99
-0.00066,100
-0.00062,101
-0.00049,102
NaN,103
-0.00106,104
-0.00102,105
-0.00246,106
-0.00242,107
0.00018,108
-0.00077,109
-0.00077,110
-0.00073,111
-0.0025,112
-0.00084,113
-0.001,114
-0.00077,115
0.00025,116
NaN,117
NaN,118
NaN,119
-0.00116,120
NaN,121
-0.00108,122
0.00033,123
-0.00252,124
NaN,125
0.0002,126
0.00013,127
NaN,128
-0.0002,129
7e-05,130
0.00014,131
0.00023,132
NaN,133
-0.00115,134
-0.00063,135
-0.00062,136
-0.0005,137
NaN,138
-0.00106,139
-0.00104,140
-0.00247,141
-0.00241,142
0.00017,143
-0.00077,144
-0.00075,1
-0.00074,2
-0.00251,3
-0.00082,4
-0.001,5
-0.00078,6
0.00025,7
NaN,8
NaN,9
NaN,10
-0.00116,11
NaN,12
-0.00106,13
0.00034,14
-0.00251,15
NaN,16
0.00021,17
0.00013,18
NaN,19
-0.00021,20
6e-05,21
0.00018,22
0.00022,23
NaN,24
-0.00116,25
-0.00063,26
-0.0006,27
-0.00049,28
NaN,29
-0.00105,30
-0.00104,31
-0.00247,32
-0.00241,33
0.00017,34
-0.00075,35
-0.00078,36
-0.00075,37
-0.0025,38
-0.00081,39
-0.001,40
-0.00079,41
0.00025,42
NaN,43
NaN,44
NaN,45
-0.00114,46
NaN,47
-0.00107,48
0.00033,49
-0.00252,50
NaN,51
0.00021,52
0.00015,53
NaN,54
-0.00021,55
5e-05,56
0.00019,57
0.00023,58
NaN,59
-0.00113,60
-0.00064,61
-0.00062,62
-0.00048,63
NaN,64
-0.00108,65
-0.00106,66
-0.00248,67
-0.00241,68
0.00017,69
-0.00076,70
-0.00077,71
-0.00075,72
-0.00251,73
-0.00082,74
-0.001,75
-0.00077,76
0.00025,77
NaN,78
NaN,79
NaN,80
-0.00115,81
NaN,82
-0.00105,83
0.00035,84
-0.00251,85
NaN,86
0.00023,87
0.00013,88
NaN,89
-0.00019,90
5e-05,91
0.00015,92
0.00022,93
NaN,94
-0.00114,95
-0.00068,96
-0.00062,97
-0.00049,98
NaN,99
-0.00107,100
-0.00105,101
-0.00246,102
-0.0024,103
0.00019,104
-0.00077,105
-0.00079,106
-0.00076,107
-0.00252,108
-0.00081,109
-0.00098,110
-0.00075,111
0.00023,112
NaN,113
NaN,114
NaN,115
-0.00117,116
NaN,117
-0.00105,118
0.00033,119
-0.0025,120
NaN,121
0.0002,122
0.00014,123
NaN,124
-0.00021,125
3e-05,126
0.00016,127
0.00023,128
NaN,129
-0.00116,130
-0.00069,131
-0.00064,132
-0.00049,133
NaN,134
-0.00104,135
-0.00104,136
-0.00247,137
-0.00239,138
0.00019,139
-0.00074,140
-0.00078,141
-0.00077,142
-0.00252,143
-0.00082,144
-0.00101,1
-0.00077,2
NaN,3
NaN,4
NaN,5
NaN,6
-0.00117,7
NaN,8
-0.00106,9
0.00032,10
-0.00252,11
NaN,12
0.00022,13
0.00014,14
NaN,15
-0.0002,16
6e-05,17
0.00013,18
0.00023,19
NaN,20
-0.00117,21
NaN,22
-0.00064,23
-0.00048,24
NaN,25
-0.00106,26
-0.00107,27
-0.00247,28
-0.00239,29
0.00021,30
-0.00075,31
-0.00076,32
-0.00075,33
-0.00252,34
-0.0008,35
-0.00105,36
-0.00078,37
NaN,38
NaN,39
NaN,40
NaN,41
-0.00115,42
NaN,43
-0.00107,44
0.0003,45
-0.0025,46
NaN,47
0.00022,48
0.00013,49
NaN,50
-0.0002,51
NaN,52
0.00014,53
0.00024,54
NaN,55
-0.00116,56
NaN,57
-0.00064,58
-0.0005,59
NaN,60
-0.00106,61
-0.00122,62
-0.00249,63
-0.0024,64
0.00019,65
-0.00075,66
-0.00077,67
-0.00073,68
-0.0025,69
-0.00082,70
-0.00103,71
-0.00076,72
NaN,73
NaN,74
NaN,75
NaN,76
-0.00118,77
NaN,78
-0.00107,79
0.00031,80
-0.00251,81
NaN,82
0.00021,83
0.00011,84
NaN,85
-0.0002,86
NaN,87
0.00013,88
0.00027,89
NaN,90
-0.00115,91
NaN,92
-0.00062,93
-0.00049,94
NaN,95
-0.00105,96
NaN,97
-0.00247,98
-0.00239,99
0.00018,100
-0.00071,101
-0.00077,102
-0.00074,103
-0.00251,104
-0.00081,105
-0.00104,106
-0.00075,107
NaN,108
NaN,109
NaN,110
NaN,111
-0.00124,112
NaN,113
-0.00106,114
0.00028,115
-0.00252,116
NaN,117
0.00025,118
0.00012,119
NaN,120
-0.00019,121
NaN,122
0.00021,123
0.00027,124
NaN,125
-0.00113,126
NaN,127
-0.00061,128
-0.00046,129
NaN,130
-0.00106,131
NaN,132
-0.00249,133
-0.00239,134
0.0002,135
-0.00075,136
-0.0008,137
-0.00071,138
-0.00252,139
NaN,140
-0.00104,141
-0.00075,142
NaN,143
0.00014,144
NaN,1
NaN,2
-0.00155,3
NaN,4
-0.00107,5
0.00031,6
-0.00255,7
NaN,8
NaN,9
0.00016,10
NaN,11
-3e-05,12
NaN,13
NaN,14
0.00027,15
NaN,16
-0.00106,17
NaN,18
-0.00058,19
-0.00049,20
NaN,21
-0.0012,22
NaN,23
-0.0025,24
-0.00239,25
0.00018,26
-0.00075,27
-0.00082,28
-0.00071,29
-0.00251,30
NaN,31
-0.00105,32
-0.00076,33
NaN,34
4e-05,35
NaN,36
NaN,37
NaN,38
NaN,39
-0.00108,40
0.00031,41
-0.00255,42
NaN,43
NaN,44
0.00016,45
NaN,46
NaN,47
NaN,48
NaN,49
0.00025,50
NaN,51
NaN,52
NaN,53
NaN,54
-0.00047,55
NaN,56
NaN,57
NaN,58
-0.00252,59
-0.00241,60
0.00019,61
-0.00076,62
-0.00083,63
-0.00071,64
-0.00252,65
NaN,66
-0.00102,67
-0.00077,68
NaN,69
2e-05,70
NaN,71
NaN,72
NaN,73
NaN,74
-0.00107,75
0.00029,76
-0.00254,77
NaN,78
NaN,79
0.00017,80
NaN,81
NaN,82
NaN,83
NaN,84
0.00023,85
NaN,86
NaN,87
NaN,88
NaN,89
-0.00046,90
NaN,91
NaN,92
NaN,93
-0.00256,94
-0.0024,95
0.00019,96
-0.00075,97
-0.00081,98
-0.00072,99
-0.0025,100
NaN,101
-0.00104,102
-0.00076,103
NaN,104
1e-05,105
NaN,106
NaN,107
NaN,108
NaN,109
-0.00108,110
0.00031,111
-0.00257,112
NaN,113
NaN,114
0.00017,115
NaN,116
NaN,117
NaN,118
NaN,119
0.00022,120
NaN,121
NaN,122
NaN,123
NaN,124
-0.00046,125
NaN,126
NaN,127
NaN,128
-0.00254,129
-0.0024,130
0.00017,131
-0.00068,132
-0.0008,133
-0.00072,134
-0.00252,135
NaN,136
-0.00105,137
-0.00076,138
NaN,139
-1e-05,140
NaN,141
NaN,142
NaN,143
NaN,144
-0.00108,1
0.0003,2
-0.00257,3
NaN,4
NaN,5
0.00016,6
NaN,7
NaN,8
NaN,9
NaN,10
0.00024,11
NaN,12
NaN,13
NaN,14
NaN,15
-0.00048,16
NaN,17
NaN,18
NaN,19
-0.00254,20
-0.00241,21
0.0002,22
-0.00076,23
-0.00079,24
-0.00072,25
-0.00251,26
NaN,27
-0.00105,28
-0.00076,29
NaN,30
-3e-05,31
NaN,32
NaN,33
NaN,34
NaN,35
-0.00109,36
0.00031,37
-0.00256,38
NaN,39
NaN,40
0.00017,41
NaN,42
NaN,43
NaN,44
NaN,45
0.00024,46
NaN,47
NaN,48
NaN,49
NaN,50
-0.00046,51
NaN,52
NaN,53
NaN,54
-0.00253,55
-0.0024,56
0.00031,57
NaN,58
-0.00077,59
-0.00074,60
-0.00251,61
-0.00072,62
-0.00106,63
-0.00075,64
NaN,65
-6e-05,66
NaN,67
NaN,68
-0.00113,69
NaN,70
-0.00108,71
0.0003,72
-0.00255,73
NaN,74
8e-05,75
0.0002,76
NaN,77
NaN,78
NaN,79
NaN,80
0.00022,81
NaN,82
NaN,83
NaN,84
NaN,85
-0.00048,86
NaN,87
NaN,88
NaN,89
-0.00252,90
-0.00242,91
0.00028,92
NaN,93
-0.00075,94
-0.00076,95
-0.0025,96
-0.00078,97
-0.00106,98
-0.00078,99
NaN,100
-6e-05,101
NaN,102
NaN,103
-0.00118,104
NaN,105
-0.00108,106
0.0003,107
-0.00256,108
NaN,109
7e-05,110
0.0002,111
NaN,112
NaN,113
NaN,114
NaN,115
0.00021,116
NaN,117
NaN,118
NaN,119
NaN,120
-0.00049,121
NaN,122
NaN,123
NaN,124
-0.00252,125
-0.00242,126
0.00025,127
NaN,128
-0.00073,129
-0.00076,130
-0.00252,131
-0.00077,132
-0.00105,133
-0.00077,134
NaN,135
-7e-05,136
NaN,137
NaN,138
-0.00119,139
NaN,140
-0.00109,141
0.00029,142
-0.00254,143
NaN,144
9e-05,1
0.00019,2
NaN,3
NaN,4
NaN,5
NaN,6
0.00023,7
NaN,8
NaN,9
NaN,10
NaN,11
-0.0005,12
NaN,13
NaN,14
NaN,15
-0.00253,16
-0.00242,17
0.00024,18
NaN,19
-0.00076,20
-0.00076,21
-0.00254,22
-0.00077,23
-0.00104,24
-0.00077,25
NaN,26
-4e-05,27
-0.00057,28
NaN,29
-0.00117,30
NaN,31
-0.00109,32
0.0003,33
-0.00253,34
NaN,35
0.0001,36
0.00017,37
NaN,38
NaN,39
NaN,40
NaN,41
0.0002,42
NaN,43
NaN,44
NaN,45
NaN,46
-0.00049,47
NaN,48
NaN,49
NaN,50
-0.00254,51
-0.00244,52
0.00025,53
NaN,54
-0.00076,55
-0.00074,56
-0.00253,57
-0.00076,58
NaN,59
-0.00078,60
NaN,61
-3e-05,62
-0.00054,63
NaN,64
-0.00115,65
NaN,66
-0.00108,67
0.00028,68
-0.00253,69
NaN,70
0.0001,71
0.00016,72
NaN,73
NaN,74
NaN,75
NaN,76
0.00019,77
NaN,78
NaN,79
NaN,80
NaN,81
-0.00048,82
NaN,83
NaN,84
NaN,85
-0.00255,86
-0.00243,87
0.00023,88
NaN,89
-0.00076,90
-0.00073,91
-0.00254,92
-0.00077,93
NaN,94
-0.00079,95
NaN,96
-2e-05,97
-0.00052,98
NaN,99
-0.00116,100
NaN,101
-0.00107,102
0.00031,103
-0.00252,104
NaN,105
8e-05,106
0.00016,107
NaN,108
NaN,109
NaN,110
NaN,111
0.00018,112
NaN,113
NaN,114
NaN,115
NaN,116
-0.00049,117
NaN,118
NaN,119
NaN,120
-0.00254,121
-0.00243,122
0.00039,123
NaN,124
-0.00076,125
-0.00072,126
-0.00254,127
-0.00077,128
NaN,129
-0.00078,130
NaN,131
-1e-05,132
-0.00053,133
NaN,134
-0.00119,135
NaN,136
-0.00108,137
0.00032,138
-0.00251,139
NaN,140
7e-05,141
0.00016,142
NaN,143
NaN,144
NaN,1
NaN,2
0.00017,3
NaN,4
NaN,5
NaN,6
NaN,7
-0.00047,8
NaN,9
NaN,10
NaN,11
-0.00256,12
-0.00245,13
0.00032,14
NaN,15
-0.00076,16
-0.00071,17
-0.00255,18
-0.00079,19
NaN,20
-0.00078,21
NaN,22
-4e-05,23
-0.00056,24
NaN,25
-0.00117,26
NaN,27
-0.00106,28
0.00029,29
-0.00241,30
NaN,31
7e-05,32
0.00018,33
NaN,34
NaN,35
NaN,36
NaN,37
0.00015,38
NaN,39
NaN,40
NaN,41
NaN,42
-0.00051,43
NaN,44
NaN,45
NaN,46
-0.00256,47
-0.00243,48
0.00031,49
NaN,50
-0.00076,51
-0.00071,52
-0.00253,53
-0.00077,54
NaN,55
-0.00076,56
NaN,57
-4e-05,58
-0.00056,59
NaN,60
-0.00115,61
NaN,62
-0.00108,63
0.00027,64
-0.00251,65
NaN,66
8e-05,67
0.00015,68
NaN,69
NaN,70
NaN,71
NaN,72
0.0002,73
NaN,74
NaN,75
NaN,76
NaN,77
-0.00049,78
NaN,79
NaN,80
NaN,81
-0.00256,82
-0.00245,83
0.00027,84
NaN,85
-0.00076,86
-0.00072,87
-0.00252,88
-0.00078,89
NaN,90
-0.00076,91
NaN,92
-3e-05,93
-0.00054,94
NaN,95
-0.00114,96
NaN,97
-0.00107,98
0.00031,99
-0.0025,100
NaN,101
9e-05,102
0.00016,103
NaN,104
NaN,105
NaN,106
NaN,107
0.00019,108
-0.00114,109
NaN,110
NaN,111
NaN,112
-0.00047,113
-0.00116,114
NaN,115
NaN,116
-0.00258,117
-0.00244,118
0.00026,119
NaN,120
-0.00076,121
-0.00072,122
-0.00252,123
-0.00077,124
NaN,125
-0.00078,126
NaN,127
-4e-05,128
-0.00055,129
NaN,130
-0.00112,131
NaN,132
-0.00107,133
0.00031,134
-0.00252,135
NaN,136
0.00011,137
0.00015,138
-0.00022,139
NaN,140
NaN,141
NaN,142
0.00011,143
-0.00114,144
NaN,1
NaN,2
NaN,3
-0.00047,4
-0.00115,5
NaN,6
NaN,7
-0.00257,8
-0.00245,9
0.00024,10
NaN,11
-0.00076,12
-0.00069,13
-0.00253,14
-0.00077,15
-0.001,16
-0.00079,17
NaN,18
-2e-05,19
-0.00054,20
NaN,21
-0.0011,22
NaN,23
-0.00105,24
0.00031,25
-0.0025,26
NaN,27
0.00011,28
0.00032,29
-0.00029,30
NaN,31
NaN,32
NaN,33
7e-05,34
-0.00111,35
NaN,36
NaN,37
NaN,38
-0.00047,39
-0.00111,40
NaN,41
NaN,42
-0.00258,43
-0.00245,44
0.00027,45
NaN,46
-0.00077,47
-0.0007,48
-0.00254,49
-0.00077,50
-0.00103,51
-0.00079,52
NaN,53
-2e-05,54
-0.00055,55
NaN,56
-0.00111,57
NaN,58
-0.00107,59
0.00033,60
-0.00252,61
NaN,62
8e-05,63
0.00021,64
-0.00029,65
NaN,66
NaN,67
NaN,68
6e-05,69
-0.00113,70
NaN,71
NaN,72
NaN,73
-0.00049,74
-0.00112,75
NaN,76
NaN,77
-0.00259,78
-0.00246,79
0.00027,80
NaN,81
-0.00077,82
-0.00069,83
-0.00254,84
-0.00079,85
-0.00102,86
-0.00079,87
NaN,88
-1e-05,89
-0.00054,90
NaN,91
-0.00112,92
NaN,93
-0.00108,94
0.00034,95
-0.00251,96
NaN,97
8e-05,98
0.00021,99
-0.0003,100
NaN,101
NaN,102
NaN,103
8e-05,104
-0.00113,105
NaN,106
-0.00041,107
NaN,108
-0.00048,109
-0.00111,110
NaN,111
NaN,112
-0.00269,113
-0.00246,114
0.00027,115
NaN,116
-0.00076,117
-0.00072,118
-0.00239,119
-0.00078,120
-0.00104,121
-0.0008,122
NaN,123
-1e-05,124
-0.00057,125
NaN,126
-0.00112,127
NaN,128
-0.00108,129
0.00032,130
-0.0025,131
0.00023,132
8e-05,133
0.0002,134
-0.00031,135
NaN,136
0.00025,137
0.00024,138
8e-05,139
-0.00114,140
NaN,141
-0.00043,142
-0.0006,143
-0.00049,144
-0.00111,1
NaN,2
NaN,3
-0.00189,4
-0.00245,5
0.00027,6
NaN,7
-0.0008,8
-0.00072,9
-0.00264,10
-0.00078,11
-0.00108,12
-0.00078,13
NaN,14
-7e-05,15
-0.00057,16
NaN,17
-0.00111,18
NaN,19
-0.00108,20
0.0003,21
-0.00251,22
0.00014,23
8e-05,24
0.00017,25
-0.0003,26
NaN,27
0.00018,28
7e-05,29
9e-05,30
-0.00115,31
NaN,32
-0.00045,33
-0.00058,34
-0.00049,35
-0.00113,36
NaN,37
-0.00113,38
-0.00234,39
-0.00246,40
0.00025,41
NaN,42
-0.00081,43
-0.00072,44
-0.00263,45
-0.0008,46
-0.00106,47
-0.00082,48
NaN,49
-6e-05,50
-0.00058,51
-0.00054,52
-0.00111,53
NaN,54
-0.00108,55
0.00031,56
-0.00254,57
0.00015,58
0.0001,59
0.00016,60
-0.0003,61
-0.00023,62
0.00014,63
7e-05,64
0.00012,65
-0.00116,66
-0.00114,67
-0.00047,68
-0.00057,69
-0.00048,70
-0.00112,71
-0.00112,72
-0.00113,73
-0.00234,74
-0.00237,75
0.00027,76
NaN,77
-0.00079,78
-0.00074,79
-0.00264,80
-0.00077,81
-0.00107,82
-0.00083,83
NaN,84
-8e-05,85
-0.00059,86
-0.0007,87
-0.0011,88
NaN,89
-0.00106,90
0.0003,91
-0.00254,92
0.0001,93
0.0001,94
0.00016,95
-0.0003,96
-0.00023,97
0.00012,98
5e-05,99
0.0001,100
-0.00115,101
-0.00112,102
-0.00049,103
-0.00057,104
-0.00049,105
-0.00112,106
-0.00112,107
-0.00114,108
-0.00232,109
-0.00233,110
0.00026,111
NaN,112
-0.00078,113
-0.00075,114
-0.00262,115
-0.00077,116
-0.00107,117
-0.00082,118
NaN,119
-7e-05,120
-0.00058,121
-0.00069,122
-0.0011,123
NaN,124
-0.00105,125
0.00026,126
-0.00251,127
0.00013,128
0.00013,129
0.00015,130
-0.00029,131
-0.00022,132
0.00011,133
7e-05,134
0.00011,135
-0.00115,136
-0.00109,137
-0.00049,138
-0.00058,139
-0.0005,140
-0.00114,141
-0.00112,142
-0.00113,143
-0.0023,144
-0.00232,1
0.00023,2
NaN,3
-0.00076,4
-0.00072,5
-0.00263,6
-0.00077,7
-0.00107,8
-0.00082,9
NaN,10
-7e-05,11
-0.0006,12
-0.00068,13
-0.00108,14
NaN,15
-0.00102,16
0.00027,17
-0.00252,18
0.00014,19
0.00017,20
0.00015,21
-0.00028,22
-0.00021,23
0.00012,24
5e-05,25
0.00011,26
-0.00116,27
-0.00107,28
-0.00052,29
-0.00055,30
-0.00052,31
-0.00113,32
-0.00112,33
-0.00113,34
-0.00227,35
-0.0023,36
0.00026,37
NaN,38
-0.00077,39
-0.00073,40
-0.00265,41
-0.00077,42
-0.00101,43
-0.00079,44
NaN,45
-8e-05,46
-0.00058,47
-0.00068,48
-0.00107,49
NaN,50
-0.00104,51
0.00027,52
-0.0025,53
0.00014,54
0.00018,55
0.00017,56
-0.00027,57
-0.00019,58
0.00012,59
5e-05,60
0.00012,61
-0.00117,62
-0.00107,63
-0.00053,64
-0.00058,65
-0.0005,66
-0.0011,67
-0.00109,68
-0.0011,69
-0.00229,70
-0.00228,71
0.00022,72
NaN,73
-0.00075,74
-0.0007,75
-0.00261,76
-0.00077,77
-0.00102,78
-0.00081,79
NaN,80
-6e-05,81
-0.0006,82
-0.00067,83
-0.00106,84
NaN,85
-0.00104,86
0.00027,87
-0.0025,88
0.00014,89
0.0002,90
0.00018,91
-0.00026,92
-0.00017,93
0.00013,94
5e-05,95
0.00013,96
-0.00115,97
-0.00107,98
-0.00052,99
-0.00059,100
-0.00048,101
-0.00108,102
-0.00109,103
-0.0011,104
-0.0023,105
-0.0023,106
0.00024,107
NaN,108
-0.00075,109
-0.00071,110
-0.0026,111
-0.00076,112
-0.00102,113
-0.0008,114
NaN,115
-5e-05,116
-0.00058,117
-0.0007,118
-0.00105,119
NaN,120
-0.00105,121
0.00026,122
-0.00251,123
0.00014,124
0.0002,125
0.00019,126
-0.00024,127
-0.00019,128
0.00011,129
6e-05,130
0.00013,131
-0.00114,132
-0.00107,133
-0.00054,134
-0.0006,135
-0.00049,136
-0.00107,137
-0.00109,138
-0.00107,139
-0.00229,140
-0.00231,141
0.00024,142
NaN,143
-0.00075,144
-0.00069,1
-0.0026,2
-0.0008,3
-0.00104,4
-0.00079,5
NaN,6
-7e-05,7
-0.00058,8
-0.00069,9
-0.00108,10
NaN,11
-0.00106,12
0.00025,13
-0.0025,14
0.00013,15
0.00022,16
0.00021,17
-0.00026,18
-0.00018,19
9e-05,20
5e-05,21
0.00011,22
-0.00112,23
-0.00109,24
-0.00055,25
-0.00059,26
-0.00052,27
-0.00108,28
-0.00111,29
-0.00106,30
-0.00229,31
-0.00227,32
0.00023,33
NaN,34
-0.00079,35
-0.00072,36
-0.00262,37
-0.00078,38
-0.00103,39
-0.0008,40
NaN,41
-0,42
-0.00059,43
-0.0007,44
-0.00109,45
NaN,46
-0.00106,47
0.00026,48
-0.00248,49
0.00014,50
0.0002,51
0.00017,52
-0.00026,53
-0.00021,54
0.00013,55
3e-05,56
0.00012,57
-0.00112,58
-0.00108,59
-0.00055,60
-0.00062,61
-0.0005,62
-0.0011,63
-0.00113,64
-0.00107,65
-0.0023,66
-0.00227,67
0.00022,68
NaN,69
-0.00077,70
-0.00073,71
-0.00263,72
-0.00076,73
-0.001,74
-0.00086,75
NaN,76
-2e-05,77
-0.00059,78
-0.0007,79
-0.00108,80
NaN,81
-0.00106,82
0.00027,83
-0.00249,84
0.00018,85
0.00021,86
0.00016,87
-0.00024,88
-0.0002,89
0.00014,90
4e-05,91
0.00012,92
-0.00112,93
-0.00108,94
-0.00056,95
-0.00061,96
-0.00051,97
-0.00109,98
-0.00112,99
-0.00107,100
-0.00229,101
-0.00225,102
0.00024,103
NaN,104
-0.00076,105
-0.0007,106
-0.00262,107
-0.00077,108
-0.00101,109
-0.00087,110
NaN,111
-1e-05,112
-0.00058,113
-0.0007,114
-0.0011,115
NaN,116
-0.00107,117
0.00026,118
-0.00251,119
0.00019,120
0.00023,121
0.00017,122
-0.00023,123
-0.00021,124
0.00012,125
6e-05,126
0.00011,127
-0.00112,128
-0.0011,129
-0.00055,130
-0.00061,131
-0.00048,132
-0.00108,133
-0.00109,134
-0.00107,135
-0.00228,136
-0.00225,137
0.00024,138
NaN,139
-0.00076,140
-0.00071,141
-0.00263,142
-0.00079,143
-0.00102,144
-0.00086,1
NaN,2
-4e-05,3
-0.00059,4
-0.00071,5
-0.0011,6
NaN,7
-0.00106,8
0.00027,9
-0.00249,10
0.00019,11
0.00022,12
0.00018,13
-0.00023,14
-0.00018,15
0.00012,16
6e-05,17
0.00011,18
-0.00111,19
-0.00111,20
-0.00056,21
-0.00059,22
-0.00049,23
-0.00106,24
-0.00109,25
-0.00108,26
-0.00229,27
-0.00224,28
0.00023,29
NaN,30
-0.00074,31
-0.00072,32
-0.00263,33
-0.00081,34
-0.00101,35
-0.00082,36
NaN,37
-5e-05,38
-0.00058,39
-0.0007,40
-0.00111,41
-0.00075,42
-0.00103,43
0.00027,44
-0.00249,45
0.0002,46
0.00022,47
0.00019,48
-0.00022,49
-0.00015,50
0.00015,51
6e-05,52
9e-05,53
-0.00114,54
-0.00112,55
-0.00058,56
-0.00059,57
-0.00049,58
-0.00107,59
-0.0011,60
-0.00108,61
-0.0023,62
-0.00225,63
0.00024,64
-0.00065,65
-0.00073,66
-0.0007,67
-0.00261,68
-0.00082,69
-0.001,70
-0.00081,71
NaN,72
-6e-05,73
-0.00059,74
-0.00071,75
-0.00112,76
-0.00075,77
-0.00104,78
0.00028,79
-0.00249,80
0.00019,81
0.00023,82
0.00021,83
-0.00023,84
-0.00016,85
0.00012,86
6e-05,87
9e-05,88
-0.00114,89
-0.00114,90
-0.00057,91
-0.00057,92
-0.00046,93
-0.00111,94
-0.0011,95
-0.00105,96
-0.00232,97
-0.00225,98
0.00027,99
-0.00069,100
-0.00073,101
-0.00071,102
-0.00262,103
-0.00081,104
-0.00102,105
-0.00079,106
0.00034,107
-6e-05,108
-0.00061,109
-0.00068,110
-0.00111,111
-0.00074,112
-0.00104,113
0.00027,114
-0.00249,115
0.00019,116
0.0002,117
0.0002,118
-0.00022,119
-0.00019,120
0.0001,121
8e-05,122
0.00012,123
-0.00113,124
-0.00112,125
-0.00056,126
-0.00056,127
-0.00046,128
-0.00109,129
-0.00111,130
-0.00106,131
-0.00232,132
-0.00225,133
0.00029,134
-0.00069,135
-0.00072,136
-0.00072,137
-0.00261,138
-0.00081,139
-0.00103,140
-0.00082,141
0.00029,142
-3e-05,143
-0.0006,144
-0.0007,1
-0.00111,2
-0.00075,3
-0.00105,4
0.00025,5
-0.00249,6
0.00017,7
0.0002,8
0.00021,9
-0.00024,10
-0.00021,11
6e-05,12
7e-05,13
0.00013,14
-0.00114,15
-0.00113,16
-0.00057,17
-0.00058,18
-0.00047,19
-0.00112,20
-0.00109,21
-0.00107,22
-0.0023,23
-0.00227,24
0.00026,25
-0.00069,26
-0.00072,27
-0.0007,28
-0.00261,29
-0.00082,30
-0.00104,31
-0.00083,32
0.00029,33
-5e-05,34
-0.00064,35
-0.00069,36
-0.00111,37
-0.00077,38
-0.00103,39
0.00024,40
-0.00249,41
0.00021,42
0.00021,43
0.00019,44
-0.00021,45
-0.0002,46
9e-05,47
8e-05,48
0.00012,49
-0.00116,50
-0.00113,51
-0.00059,52
-0.00058,53
-0.00051,54
-0.00111,55
-0.00107,56
-0.00107,57
-0.00229,58
-0.00228,59
0.00024,60
-0.0007,61
-0.0007,62
-0.00071,63
-0.0026,64
-0.0008,65
-0.00103,66
-0.00083,67
0.00029,68
-6e-05,69
-0.00065,70
-0.00071,71
-0.00111,72
-0.00075,73
-0.00103,74
0.00028,75
-0.00248,76
0.0002,77
0.00022,78
0.00018,79
-0.00024,80
-0.00019,81
0.00013,82
9e-05,83
0.00011,84
-0.00115,85
-0.00109,86
-0.00057,87
-0.00055,88
-0.00052,89
-0.00107,90
-0.00111,91
-0.00108,92
-0.00229,93
-0.00228,94
0.00025,95
-0.00072,96
-0.0007,97
-0.0007,98
-0.00262,99
-0.00081,100
-0.00104,101
-0.00084,102
0.00031,103
-4e-05,104
-0.00068,105
-0.00072,106
-0.0011,107
-0.00073,108
-0.00102,109
0.0003,110
-0.00246,111
0.00085,112
0.00024,113
0.00019,114
-0.00023,115
-0.00022,116
0.00012,117
9e-05,118
0.00014,119
-0.00117,120
-0.0011,121
-0.0006,122
-0.00056,123
-0.00051,124
-0.0011,125
-0.00109,126
-0.00109,127
-0.00232,128
-0.00227,129
0.00026,130
-0.00071,131
-0.00075,132
-0.00069,133
-0.00259,134
-0.00083,135
-0.00105,136
-0.00084,137
0.0003,138
-4e-05,139
-0.0007,140
-0.00071,141
-0.00108,142
-0.00075,143
-0.00102,144
0.00029,1
-0.00247,2
0.00042,3
0.00023,4
0.00018,5
-0.00022,6
-0.00021,7
0.00012,8
9e-05,9
0.00014,10
-0.00115,11
-0.00111,12
-0.00061,13
-0.00057,14
-0.00051,15
-0.00107,16
-0.0011,17
-0.00109,18
-0.00234,19
-0.00228,20
0.00029,21
-0.00072,22
-0.00075,23
-0.00068,24
-0.00261,25
-0.00082,26
-0.00106,27
-0.00085,28
0.00028,29
-5e-05,30
-0.00066,31
-0.00071,32
-0.00112,33
-0.00076,34
-0.00104,35
0.00034,36
-0.00248,37
0.00042,38
0.00022,39
0.0002,40
-0.00023,41
-0.00022,42
0.00011,43
5e-05,44
0.00012,45
-0.00115,46
-0.00114,47
-0.0006,48
-0.00058,49
-0.00052,50
-0.00108,51
-0.00111,52
-0.00109,53
-0.00235,54
-0.00229,55
0.00028,56
-0.00072,57
-0.00073,58
-0.00067,59
-0.00262,60
-0.00081,61
-0.00107,62
-0.00079,63
0.00029,64
-4e-05,65
-0.00065,66
-0.0007,67
-0.0011,68
-0.00078,69
-0.00103,70
0.00037,71
-0.00249,72
0.00015,73
0.00021,74
0.0002,75
-0.00024,76
-0.00021,77
0.00011,78
9e-05,79
0.00011,80
-0.00114,81
-0.00115,82
-0.0006,83
-0.0006,84
-0.00054,85
-0.00109,86
-0.00111,87
-0.00109,88
-0.00234,89
-0.00229,90
0.00026,91
-0.00073,92
-0.0007,93
-0.00067,94
-0.0026,95
-0.00079,96
-0.00106,97
-0.00077,98
0.00032,99
-2e-05,100
-0.00064,101
-0.00071,102
-0.0011,103
-0.00078,104
-0.00105,105
0.00033,106
-0.00247,107
0.00015,108
0.0002,109
0.00022,110
-0.00024,111
-0.00018,112
0.0001,113
9e-05,114
0.00014,115
-0.00112,116
-0.00117,117
-0.00063,118
-0.00058,119
-0.00054,120
-0.00109,121
-0.00108,122
-0.0011,123
-0.00235,124
-0.00225,125
0.00028,126
-0.00073,127
-0.00075,128
-0.00066,129
-0.0025,130
-0.00078,131
-0.00105,132
-0.00076,133
0.0003,134
-0,135
-0.00062,136
-0.0007,137
-0.0011,138
-0.00076,139
-0.00102,140
-0.00012,141
-0.00247,142
0.0001,143
0.00018,144
0.00021,1
-0.00023,2
-0.00016,3
0.0001,4
9e-05,5
0.00014,6
-0.00113,7
-0.00116,8
-0.00062,9
-0.0006,10
-0.00052,11
-0.00111,12
-0.0011,13
-0.00109,14
-0.00236,15
-0.00226,16
0.00026,17
-0.00073,18
-0.00075,19
-0.0007,20
-0.00254,21
-0.00078,22
-0.00102,23
-0.00076,24
0.00032,25
0,26
-0.00061,27
-0.0007,28
-0.00109,29
-0.00076,30
-0.00102,31
-5e-05,32
-0.00248,33
0.00021,34
0.00019,35
0.0002,36
-0.00023,37
-0.00015,38
0.00011,39
9e-05,40
0.00015,41
-0.00112,42
-0.00114,43
-0.0006,44
-0.00062,45
-0.00051,46
-0.0011,47
-0.00108,48
-0.00109,49
-0.00236,50
-0.00228,51
0.00025,52
-0.00073,53
-0.00076,54
-0.0007,55
-0.00258,56
-0.00076,57
-0.00105,58
-0.00078,59
0.0003,60
4e-05,61
-0.00062,62
-0.0007,63
-0.00109,64
-0.00075,65
-0.00101,66
0.00025,67
-0.00249,68
0.00014,69
0.0002,70
0.0002,71
-0.00021,72
-0.00018,73
0.0001,74
0.0001,75
0.00014,76
-0.00113,77
-0.00117,78
-0.00064,79
-0.00059,80
-0.00052,81
-0.00111,82
-0.00109,83
-0.00109,84
-0.00237,85
-0.00225,86
0.00026,87
-0.00077,88
-0.00075,89
-0.00068,90
-0.00257,91
-0.00079,92
-0.00104,93
-0.0008,94
0.00029,95
4e-05,96
-0.00063,97
-0.0007,98
-0.00113,99
-0.0008,100
-0.001,101
0.00027,102
-0.00247,103
6e-05,104
0.0002,105
0.00021,106
-0.00022,107
-0.00016,108
0.00011,109
0.0001,110
0.00015,111
-0.00116,112
-0.00116,113
-0.00064,114
-0.0006,115
-0.00051,116
-0.00114,117
-0.00109,118
-0.00108,119
-0.00237,120
-0.00225,121
0.00025,122
-0.00077,123
-0.00077,124
-0.00069,125
-0.00259,126
-0.0008,127
-0.00103,128
-0.0008,129
0.00029,130
2e-05,131
-0.0006,132
-0.0007,133
-0.00111,134
-0.00076,135
-0.00112,136
0.00025,137
-0.00248,138
0.00017,139
0.00022,140
0.00024,141
-0.00019,142
-0.00017,143
0.0001,144
0.0001,1
0.00016,2
-0.00115,3
-0.00114,4
-0.00063,5
-0.00058,6
-0.0005,7
-0.00112,8
-0.00106,9
-0.00107,10
-0.00235,11
-0.00226,12
0.00029,13
-0.00076,14
-0.00077,15
-0.00068,16
-0.00257,17
-0.0008,18
-0.00103,19
-0.0008,20
0.00029,21
2e-05,22
-0.0006,23
-0.00069,24
-0.00111,25
-0.00081,26
-0.00116,27
0.00029,28
-0.00247,29
-0.00011,30
0.00023,31
0.00026,32
-0.00018,33
-0.00016,34
0.00012,35
0.0001,36
0.00014,37
-0.00116,38
-0.00116,39
-0.00062,40
-0.00058,41
-0.00052,42
-0.00114,43
-0.00105,44
-0.00106,45
-0.00237,46
-0.00227,47
0.00028,48
-0.00073,49
-0.00076,50
-0.0007,51
-0.00258,52
-0.00083,53
-0.001,54
-0.00068,55
0.00029,56
2e-05,57
-0.00062,58
-0.00069,59
-0.00109,60
-0.00081,61
-0.00102,62
0.00026,63
-0.00247,64
0.00021,65
0.00024,66
0.00024,67
-0.00021,68
-0.00016,69
0.00012,70
0.00013,71
0.00014,72
-0.00107,73
-0.00117,74
-0.00064,75
-0.00059,76
-0.0005,77
-0.00114,78
-0.00107,79
-0.00107,80
-0.0024,81
-0.00228,82
0.00028,83
-0.00073,84
-0.00075,85
-0.00069,86
-0.0026,87
-0.00082,88
-0.00102,89
-0.00071,90
0.0003,91
3e-05,92
-0.00061,93
-0.00069,94
-0.00108,95
-0.00083,96
-0.00102,97
0.00026,98
-0.00248,99
1e-05,100
0.00024,101
0.00026,102
-0.0002,103
-0.00019,104
9e-05,105
0.00014,106
0.00011,107
-0.00112,108
-0.00115,109
-0.00062,110
-0.00059,111
-0.00051,112
-0.00113,113
-0.00109,114
-0.00106,115
-0.00239,116
-0.00228,117
0.00026,118
-0.00076,119
-0.00074,120
-0.00071,121
-0.00259,122
-0.00078,123
-0.00101,124
-0.00074,125
0.00029,126
4e-05,127
-0.0006,128
-0.00069,129
-0.00106,130
-0.00085,131
-0.00102,132
0.0003,133
-0.00249,134
-8e-05,135
0.00023,136
0.00024,137
-0.00022,138
-0.00018,139
9e-05,140
0.00011,141
0.00016,142
-0.00114,143
-0.00117,144
-0.00062,1
-0.00059,2
-0.00051,3
-0.00113,4
-0.00098,5
-0.00105,6
-0.00237,7
-0.00226,8
0.00025,9
-0.00077,10
-0.00074,11
-0.00068,12
-0.00261,13
-0.0008,14
-0.001,15
-0.00075,16
0.00028,17
4e-05,18
-0.00057,19
-0.00068,20
-0.00106,21
-0.00083,22
-0.00103,23
0.00028,24
-0.00249,25
0.00018,26
0.00025,27
0.00024,28
-0.00026,29
-0.00019,30
0.00012,31
0.00012,32
0.00019,33
-0.00114,34
-0.00116,35
-0.00061,36
-0.00057,37
-0.0005,38
-0.00112,39
-0.00099,40
-0.00104,41
-0.00236,42
-0.00228,43
0.00025,44
-0.00077,45
-0.00073,46
-0.00067,47
-0.00261,48
-0.00078,49
-0.001,50
-0.00074,51
0.00028,52
3e-05,53
-0.00038,54
-0.00068,55
-0.00105,56
-0.00082,57
-0.00102,58
0.00027,59
-0.0025,60
0.00015,61
0.00025,62
0.00023,63
-0.00022,64
-0.00017,65
0.00013,66
0.00011,67
0.00015,68
-0.00112,69
-0.00116,70
-0.0006,71
-0.00058,72
-0.00052,73
-0.00105,74
-0.00106,75
-0.00103,76
-0.00232,77
-0.00229,78
0.00023,79
-0.00076,80
-0.00079,81
-0.00065,82
-0.00259,83
-0.0008,84
-0.001,85
-0.00074,86
0.00027,87
3e-05,88
-0.0001,89
-0.00064,90
-0.00107,91
-0.00094,92
-0.00117,93
0.00029,94
-0.0025,95
0.00016,96
0.00024,97
0.00023,98
-3e-05,99
-0.00017,100
0.00012,101
0.00011,102
0.00015,103
-0.00114,104
-0.00116,105
-0.00058,106
-0.00058,107
-0.00051,108
-0.0011,109
-0.00101,110
-0.00104,111
-0.00237,112
-0.00228,113
0.00025,114
-0.00078,115
-0.00078,116
-0.0006,117
-0.00258,118
-0.00081,119
-0.001,120
-0.00074,121
0.00026,122
6e-05,123
-0.00051,124
-0.00067,125
-0.00105,126
-0.00073,127
-0.00084,128
0.00085,129
-0.0025,130
0.00011,131
0.00024,132
0.00022,133
-0.00025,134
-0.00017,135
8e-05,136
0.0001,137
0.00012,138
-0.00114,139
-0.00101,140
-0.0006,141
-0.00059,142
-0.00049,143
-0.00109,144
-0.00072,1
-0.00099,2
-0.00235,3
-0.00227,4
0.00022,5
-0.00075,6
-0.00079,7
-0.0006,8
-0.00259,9
-0.00078,10
-0.001,11
-0.00077,12
0.00027,13
9e-05,14
-0.00044,15
-0.00065,16
-0.00107,17
-0.00088,18
-0.00103,19
0.00041,20
-0.0025,21
0.00015,22
0.00023,23
0.00021,24
-9e-05,25
-0.00014,26
7e-05,27
8e-05,28
0.00011,29
-0.00114,30
-0.00115,31
-0.0006,32
-0.0006,33
-0.00049,34
-0.00107,35
-0.0009,36
-0.00102,37
-0.00235,38
-0.00226,39
0.00023,40
-0.00077,41
-0.00081,42
-0.00063,43
-0.00259,44
-0.00077,45
-0.001,46
-0.00079,47
0.00029,48
6e-05,49
-0.00067,50
-0.00065,51
-0.00108,52
-0.00083,53
-0.00102,54
0.00054,55
-0.00248,56
0.00015,57
0.00023,58
0.00053,59
1e-05,60
-0.00019,61
6e-05,62
0.00012,63
0.00012,64
-0.0011,65
-0.0008,66
-0.0005,67
-0.00058,68
-0.00047,69
-0.00098,70
-0.00081,71
-0.00101,72
-0.00238,73
-0.00226,74
0.00025,75
-0.00091,76
-0.00078,77
-0.00061,78
-0.00257,79
-0.00076,80
-0.00098,81
-0.00078,82
0.00025,83
3e-05,84
-0.00068,85
-0.00066,86
-0.00107,87
-0.00108,88
-0.00085,89
0.00033,90
-0.0025,91
0.00014,92
0.00025,93
0.00025,94
-0.00019,95
-0.00016,96
0.0001,97
0.0001,98
0.0001,99
-0.00089,100
-0.00115,101
-0.00061,102
-0.00055,103
-0.00049,104
-0.00109,105
-0.00093,106
-0.00106,107
-0.0024,108
-0.00228,109
0.00025373,110
-0.00076454,111
-0.00079657,112
-0.00063393,113
-0.0025534,114
-0.00076631,115
-0.00097958,116
-0.00076332,117
0.00026924,118
2.9e-06,119
-0.00053583,120
-0.0006652,121
-0.0010675,122
-0.0010792,123
-0.0011248,124
0.0002731,125
-0.0024691,126
0.00015598,127
0.00025633,128
0.00024314,129
-0.00018657,130
-0.00016093,131
0.00019765,132
0.00010579,133
0.00012303,134
-0.0011131,135
-0.0011252,136
-0.00062896,137
-0.00060718,138
-0.00047709,139
-0.0011167,140
-0.00082516,141
-0.00096081,142
-0.0023755,143
-0.002277,144
